1
40
-0.53 -0.6 0.5
-0.546434 -0.545547 0.5
-0.54347 -0.488225 0.5
-0.522961 -0.428841 0.5
-0.48676 -0.3682 0.5
-0.436719 -0.307109 0.5
-0.37469 -0.246375 0.5
-0.302526 -0.186803 0.5
-0.22208 -0.1292 0.5
-0.135204 -0.0743719 0.5
-0.04375 -0.023125 0.5
0.0504287 0.0237344 0.5
0.14548 0.0654 0.5
0.239551 0.101066 0.5
0.33079 0.129925 0.5
0.417344 0.151172 0.5
0.49736 0.164 0.5
0.568986 0.167603 0.5
0.63037 0.161175 0.5
0.679659 0.143909 0.5
0.715 0.115 0.5
0.739199 0.0848713 0.5
0.75694 0.06412 0.5
0.769191 0.0521987 0.5
0.77692 0.04856 0.5
0.781094 0.0526562 0.5
0.78268 0.06394 0.5
0.782646 0.0818637 0.5
0.78196 0.10588 0.5
0.781589 0.135441 0.5
0.7825 0.17 0.5
0.785661 0.209009 0.5
0.79204 0.25192 0.5
0.802604 0.298186 0.5
0.81832 0.34726 0.5
0.840156 0.398594 0.5
0.86908 0.45164 0.5
0.906059 0.505851 0.5
0.95206 0.56068 0.5
1.00805 0.615579 0.5
